#mediterrenean
colonial_mediterre = {
    color = { 225 105 105 }

	# Random New World
	tax_income = 0
	native_size = 8
	native_ferocity = 1
	native_hostileness = 4

	trade_goods = {
		fur = 10
		fish = 3
		naval_supplies = 2
		gold = 2
	}

	culture = {
		inuit = 10
		aleutian = 8
	}

	religion = {
		shamanism = 10
	}

	provinces = {
        4111 4112 4298 4297 1849 1231 1232 1233 1234
        #Island
        1247
        #More bits of Greece
        1773 1853 3003
        #austria
        128 129 130 131 132 1769 1863
        #Italy
        101 102 103 104 105 106 107 108 109 110 111 112 113 114 115 116 117 118 119 120 121
        122 123 124 125 126 127 1774 1862 1875 1933 1934
        2976 2977 2978 2979 2980 2981 2982 2983 2984 2985 2986 2992
        #Balkans & South Eastern Europe
        135 136 137 138 139 140 141 142 143 144 145 146 147 148 149 150 151 152 153 154 155
        156 157 158 159 160 161 162 163 164 1756 1764 1765 1766 1767 1768 1826 1827 1828 1831
        1864 1951 1952 1953 1954 2348 2746 2750 1318 2998 3000 3001 3002 4125 4126 4127 4128
        4173 4174 4175 4176 4236 4239 4240 4531 4532
        #Anatolia
        4307 4308 4309 4310 4311 4312 4313 4314 4315
        #France
        167 168 169 170 171 172 173 174 175 176 177 178 179 180 181 182 183 184 185 186 187
        188 189 190 191 192 193 194 195 196 197 198 199 200 201 202 203 204 205 1877 1879 2753 2991
        4384 4385 4386 4387 4388 4389 4390 4391 4392
        #Iberia
        206 207 208 209 210 211 212 213 214 215 216 217 218 219 220 221 222 223 224 225 226
        227 228 229 230 231 232 333 1745 1746 1747 1748 1749 1750 1851 2751 2754 2755
        2987 2988 2989 2990 4150
        4546 4547 4548 4549 4550 4551 4552 4553 4554 4555 4556 4557 4558 4559 4560 4565
        #Turkey
        316 317 318 319 320 321 322 323 324 325 326 327 328 329 330 331 332 1846 1848
        2296 2297 2298 2299 2300 2301 2302 2303 2304 2305
        #Middle east
        364 377 378 379 380 381 382 405 406 407 411
        2308 2309 2310 2313 2314
        1854 1855 4292
        #North Africa
        334 335 336 337 338 339 340 341 342 343 344 345 346 347 348 349 350 351 352 353 354
        355 356 357 358 359 360 361 362 363 365 1751 1793 1794 1795 1882
        2315 2316 2317 2318 2319 2320 2321 2322 2323 2324 2325 2326
        2448 2449 2450 2451 2452 2453 2454 2455 2456 2457 2458 2459 2460
        2461 2462 2463 2464 2465 2466 2467 2468 2469 2470 2471 2472 2473
        2474 2475
        4561 4562 4563 4564 4566 4567 4568 4569
        #Egypt
        4316 4317 4318 4319 4320 4321 4322 4323
        #atlantic islands
        366 367 368
        #africa
        1110 1111
	}


	# Generic
	names = {
		name = "Mediterre"
	}
	names = {
		name = "COLONIAL_REGION_New_Root_GetName"
	}
}

# Europe
colonial_alaska = {
	color = { 225 225 225 }

	# Random New World
	tax_income = 0
	native_size = 8
	native_ferocity = 1
	native_hostileness = 4

	trade_goods = {
		fur = 10
		fish = 3
		naval_supplies = 2
		gold = 2
	}

	culture = {
		inuit = 10
		aleutian = 8
	}

	religion = {
		shamanism = 10
	}

	provinces = {
        #Scandinavia
        1 2 3 4 5 6 7 8 9 10 11 12 13 14 15 16 17 18 19 20 21 22 23 24 25 26 27 28 29 30 31
        1930 1981 1982 1983 1984 1985 2752 4113 4114 4123 4124 4141 4142 4143 4144 4145 4146
        4149 4151 4152 4163 4164 4165 4166
        #Baltic Coast
        32 33 34 35 36 37 38 39 40 41 42 43 767 770 1834 1841 1842 1935
        #Germany
        44 45 46 47 48 49 50 51 52 53 54 55 56 57 58 59 60 61 62 63 64 65 66 67 68 69 70 71
        72 73 74 75 76 77 78 79 80 81 82 83 84 85 86 133 134 165 166 1757
        1758 1759 1760 1761 1762 1763 1770 1771 1772 1775 1857 1858 1867 1868 1869
        1870 1871 1872 1873 1874 1876 1878 1880 1931 2955 2956 2957 2964
        2965 2966 2967 2968 2969 2970 2971 2972 2973 2975 2993 2994 2995 2996
        4237 4238
        #Lowlands
        87 88 89 90 91 92 93 94 95 96 97 98 99 100 1742 1743 1744 1865 1866 2974 4381 4382 4383
        #Caucasus
        4301 4303 4306
        #British isles
        233 234 235 236 237 238 239 240 241 242 243 244 245 246 247 248 249 250 251 252 253
        1860 1861 4118 4119 4120 4121 4130 4361 4362 4363 4364 4365 4366 4367 4368 4369 4370
        4371 4372 4373 4374 4375 4376 4377 4378 4379 4380
        #Poland
        254 255 256 257 258 259 260 261 262 263 264 265 266 267 268 269 270 271 272 273 274
        275 276 277 278 279 280 281 1859 1936 1937 1938 1939 1940 1941 1942 1943 1944 1945 2405 2424
        2958 2959 2960 2961 2962 2963 2997
        #Russia
        282 283 284 285 286 287 288 289 290 291 292 293 294 295 296 297 298 299 300 301 302
        303 304 305 306 307 308 309 310 311 312 313 314 315 1752 1753 1754 1755 1776 1777 1778
        1955 1956 1957 1958 1959 1960 1961 1962 1963 1964 1965 1974
        475 1972 473 464 425 463 462 1856 468 466 1971 467 771 4115 4116 4117 4122 4129 4147 4148
        4241 4242 4243 4244 4245 4246 4247 4248 4249 4250 4251 4252 4253 4254 4255
        4256 4257 4258 4259 4260 4261 4262 4263 4264 4265 4266 4267
        #Russian new provinces
        2406 2407 2408 2409 2410 2411 2412 2413 2414 2415 2416 2417 2418 2419 2420 2421 2422 2423 2425 2447 2749 4178
        #Pre-siberia:
        1078 1780 1966 2441 2444 2427
        #Atlantic islands
        369 370 371 372 373 374 375 376 1978 1979
        #More bits of Russia
        1077 1079 1081 1082 1083 423
        #Europe Additions MN:
        4110
        #Persia changes
        422 2195 2196 2197 2198 2199 2201 2203 2204 2208
        # More PLC
        4523 4524 4525 4526 4527 4528 4529 4530 4533 4534 4535 4536 4537 4538 4539 4540 4541 4542 4543 4544 4545
	}

	# Specific
	names = {
		trigger = {
			primary_culture = russian
		}
		name = "COLONIAL_ALASKA_Alyeska"
	}
	names = {
		trigger = {
			OR = {
				tag = SPA
				tag = CAS
				tag = ARA
			}
		}
		name = "COLONIAL_ALASKA_Pacifico_Norte"
	}
	# Generic
	names = {
		name = "COLONIAL_CALIFORNIA_Cascadia"
	}
	names = {
		name = "COLONIAL_ALASKA_Alaska"
	}
	names = {
		name = "COLONIAL_REGION_New_Root_GetName"
	}
	names = {
		name = "COLONIAL_ALASKA_Aleutia"
	}
}

#arab_sea
colonial_omania = {
	color = { 20 210 105 }

	# Random New World
    tax_income = 1
    native_size = 4
    native_ferocity = 1
    native_hostileness = 4

    trade_goods = {
        fur = 20
        fish = 10
        naval_supplies = 3
        grain = 1
    }

    culture = {
        inuit = 10
        cree = 10
        nakota = 2
        cheyenne = 2
        anishinabe = 2
        huron = 2
        iroquois = 2
        mahican = 2
        abenaki = 2
        mikmaq = 2
    }

    religion = {
        shamanism = 10
    }

    provinces = {
        446 447 448 449 450 451 452 4521
        740 408 409 410 2311 2312 4291 4288 404
        	1099 #Socotra
        #Middle east + central asia

        383 384 385 386 387 388 389 390 391 392 393 394 395 396 397
        398 399 400 401 402 403
    	412 413 414 415 416 417 418
    	419 420 421 424 426 427 428 429 430 431 432 433 434 435 436 437 1779
    	2306 2307 2327 2328 2329 2330 2331 2332 2333 2334
    	2335 2336 2337 2338 2339 2340 2341 2342 2343 2344 2345 2346 2347
    	#Arabian Additions
    	4268 4269 4270 4271 4272 4273 4274 4275
    	4276 4277 4278 4279 4280 4281 4282 4283
    	4284 4285 4286 4287 4289 4290 4293
    	4294 4295 4296
    	#Caucasus
    	4299 4300 4302 4304 4305
    	#Persia changes
    	2202 2205 2206 2207 2209 2210 2211 2212 2213 2214 2215 2216 2217 2218 2219 2220 2221
    	2222 2223 2224 2225 2226 2227 2228 2229 2230 2231 2232 2233 2234 2235 2236 2200 2999
    	4170 4171 4172 4177 4179
    	4324 4325 4326 4327 4328 4329 4330 4331 4332 4333 4334 4335 4336 4337 4338 4339
    	4340 4341 4342 4343 4344 4345
    	#India
    	503 504 505 506 507 508 509 510 511 512 513 514 515 516 517 518 519 520 521 522 523
    	524 525 526 527 528 529 530 531 532 533 534 535 536 537 538 539 540 541 542 543 544
    	545 546 547 548 549 550 551 552 553 554 555 556 557 558 559 560 561 562 563 564 565
    	566 567 568 569 570 571 572 573 575 576 577 578 1946 1947 1948 1949 1950
    	2026 2027 2028 2029 2030 2031 2032 2033 2034 2035 2036 2037 2038 2039 2040 2041 2042
    	2043 2044 2045 2046 2047 2048 2049 2050 2051 2052 2053 2054 2055 2056 2057 2058 2059
    	2060 2061 2062 2063 2064 2065 2066 2067 2068 2069 2070 2071 2072 2073 2074 2075 2076
    	2077 2078 2079 2080 2081 2082 2083 2084 2085 2086 2087 2088 2089 2090 2091 2092 2093
    	2094 2095 2096 2097 2098 2099 2100 2101
    	4407 4408 4409 4410 4411 4412 4413 4414 4415 4416 4417 4418 4419 4420 4421
    	4422 4423 4424 4425 4426 4427 4428 4429 4430 4431 4432 4433 4434 4435 4436
    	4437 4438 4439 4440 4441 4442 4443 4444 4445 4446 4447 4448 4449 4450 4451
    	4452 4453 4454 4455 4456 4457 4458 4459 4460 4461 4462 4463 4464 4465 4466
    	4467 4468 4469 4470 4471 4472 4473 4474 4475 4476 4477 4478 4479 4480 4481
    	4482 4483 4484 4485 4486 4487 4488 4489 4490 4491 4492 4493 4494 4495 4496
    	4497 4498 4499 4500 4501 4502 4503 4504 4505 4506 4507 4508 4509 4510 4511 4512 4513
    	1101 1248 1998 1999

		#2324 2775 2782 2783 2786 2788 2789 2790 2793 2794 2795 2024 1205 1206 1209 1212 1215 1230 2765 2773 2792 2784 1211 2764 2787 1232 1331 1779
		#2768 #Angot
		#401 2341 2342 #dhofar_area
		#402 1099 4284 #mahra_area
		#387 2346 4279 #tihama_al_yemen_area
		#390 2344 4281 #upper_yemen_area
		#388 2345 4280 #yemen_area
		#386 391 4282 #asir_area
		#389 2343 4283 #hadramut_area
		#1328 1329 1330 4333 #Red Sea Area
		#4346
    }


	# Generic
	names = {
		name = "Omania"
	}
	names = {
		name = "Transuez"
	}
	names = {
		name = "Persiana"
	}
	names = {
		name = "India"
	}
	names = {
		name = "Greater Raj"
	}
}


# Asia
colonial_canada = {
	color = { 20 50 210 }

	# Random New World
	tax_income = 1
	native_size = 4
	native_ferocity = 1
	native_hostileness = 4

	trade_goods = {
		fur = 20
		fish = 10
		naval_supplies = 3
		grain = 1
	}

	culture = {
		inuit = 10
		cree = 10
		nakota = 2
		cheyenne = 2
		anishinabe = 2
		huron = 2
		iroquois = 2
		mahican = 2
		abenaki = 2
		mikmaq = 2
	}

	religion = {
		shamanism = 10
	}

	provinces = {
        2694 574
        2365 2366 2367 1970 1973
        438 439
    	440 441 442 443 444 445 453 454 455 456 457 458 459 460
    	461 465 469 470 471 472 474 476 477 478 479 480
        #South East Asia V
        660 661
        1016 1022 1815 1817 1823
        # New Burma provinces
        4393 4394 4395 4396 4397 4398 4399 4400 4401 4402 4403 4404 4405 4406
        #China and Places like that
        662 663 664 665 666 667 668 669 670 671 672 673 674 675 676 677 678 679 680 681 682
        683 684 685 686 687 688 689 690 691 692 693 694 695 696 697 698 699 700 701 702 703
        704 705 706 707 708 709 710 711 712 713 714 715 716 717 718 719 720 721 722 723 724
        725 726 727 728 729 730 731 732 733 734 735 736 737 738 739 1784 1785 1786 1787
        1788 1816 1821 1822 1824 1829 1833 1836 1838 1850
        #New Greater China region provs
        2102 2103 2104 2105 2106 2107 2108 2109 2110 2111 2112 2113 2114 2115
        2116 2117 2118 2119 2120 2121 2122 2123 2124 2125 2126 2127 2128 2129
        2130 2131 2132 2133 2134 2135 2136 2137 2138 2139 2140 2141 2142 2143
        2144 2145 2146 2147 2148 2149 2150 2151 2152 2153 2154 2155 2156 2157
        2158 2159 2160 2161 2162 2163 2164 2165 2166 2167 2168 2169 2170 2171
        2172 2173 2174 2175 2176 2177 2178 2179 2180 2181 2182 2183 2184 2185
        2186 2187 2188 2189 2190 2191 2192 2193 2194 2741 2742 2743 2744 2745
        2747 2748
        #1.20 Greater China region additions
        4194 4195 4196 4197 4198 4199 4200 4201 4202 4203 4204 4205 4206 4207
        4208 4209 4210 4211 4212 4213 4214 4215 4216 4217 4218 4219 4220 4221
        4222 4223
        #Dharma new Tibetan additions etc
        4514 4515 4516 4517 4518 4519 4520 4522
        #Japan and the far east
        1012 1013 1014 1015 1017 1018 1019 1020 1021 1023 1024 1025 1026 1027 1028
        1029 1030 1031 1032 1033 1034 1035 1036 1037 1038 1039 1040 1041 1042 1043 1044 1045
        1046 1047 1048 1049 1050 1051 1052 1053 1054 1055 1056 1057 1058 1059 1060 1061 1062
        1063 1064 1065 1066 1067 1068 1070 1071 1074 1075 1076 1818
        1819 1820 1825 1830 1832 1835 1837 1839 1843
        1847 1852 4131
        4180 4181 4182 4183 4184 4185 4186 4187 4188 4189 4190 4191 4192 4193 4359 4360 #More Japan
        4227 4228 4229 4230 4231 4232 #More Korea

        #South East Asia II
        579 580 581 582 583 584 585 586 587 588 589 590 591 592
        600 601 602 603 604 605 606 607 608 609 610 611 612 613 614 615 616 617
        # Additional Provinces in Indochina & Indonesia I
        2371 2372 2373 2374 2375 2376 2377 2378 2379 2380 2381 2382 2383 2384 2385 2386 2387
        2388 2389 2395 2396 2397 2398 2399 2400 2401 2402 2403 2404

        #New stuff
        1840 1844 1845 1967 1968 1969

        1371 #Canton Tradenode
        1400 #Philippines Tradenode
        1365 #Siam
        1361 #Malacca
        1376 #Nippon
        1343 #Ganges
        1340 #comorin
        1335 #basra

        2369 2357 2354 2360 2355 2368 2364 2356 2363 2350 2349 2370 2352 2358 2353 2351 2359 1781 1782 1783
        2362 2361
        2426 2740


        #Siberian New Province
        1072 2428 2429 2430 2431 2432 2433 2434 2435 2437 2439 2440 2442 2443 2446
	}

	# Specific

	# Generic
	names = {
		name = "COLONIAL_CANADA_Ruperts_Land"
	}
}

# Africa
colonial_eastern_america = {
	color = { 69 157 208 }

	# Random New World
	tax_income = 2
	native_size = 8
	native_ferocity = 2
	native_hostileness = 5

	trade_goods = {
		fur = 15
		fish = 3
		naval_supplies = 4
		grain = 4
		tobacco = 8
		cotton = 10
		sugar = 1
	}

	culture = {
		creek = 5
		choctaw = 2
		chickasaw = 2
		cherokee = 5
		shawnee = 5
		dakota = 2
		iroquois = 3
		powhatan = 2
		delaware = 4
		susquehannock = 5
		mahican = 2
		pequot = 2
		abenaki = 4
	}

	religion = {
		shamanism = 10
	}

	provinces = {
        #Various Islands
        1096 1097 1100 1102 1103
        #Most of Africa
        1112 1113 1114 1115 1116 1117 1118 1119 1120 1121 1122 1123 1124 1125 1126
        1127 1128 1129 1130 1131 1132 1133 1134 1135 1136 1137 1138 1139 1140 1141 1142 1143
        1144 1145 1146 1147 1148 1149 1150 1151 1152 1153 1154 1155 1156 1157 1158 1159 1160
        1161 1162 1163 1164 1165 1166 1167 1169 1170 1171 1172 1173 1174 1175 1176 1177
        1178 1179 1180 1181 1182 1183 1184 1185 1186 1187 1188 1189 1190 1191 1192
        1195 1196 1197 1198 1199 1200 1201 1202 1203 1204 1205 1206 1207 1208 1209 1210 1211
        1212 1213 1214 1215 1216 1217 1218 1219 1220 1221 1222 1223 1224 1225 1226 1227 1228
        1229 1230 1249 1796 1797 1798 1799 1800 1801
        #New overhaul provinces
        774 788 789 833 2237 2238 2239 2240 2241 2242 2243 2244 2245 2246 2247 2248 2249 2250 2251 2252
        2253 2254 2255 2256 2257 2258 2259 2260 2261 2262 2263 2264 2265 2266 2267 2268 2269
        2270 2271 2272 2273 2274 2275 2276 2277 2278 2279 2280 2281 2282 2283 2284 2285 2286
        2287 2288 2289 2290 2291 2292 2293 2294 2295 2756 2757 2758 2759 2760 2761 2762 2763
        2764 2765 2766 2767 2768 2769 2770 2771 2772 2773 2774 2775 2776 2777 2778 2779 2780
        2781 2782 2783 2784 2785 2786 2787 2788 2789 2790 2791 2792 2793 2794 2795 2796 2797
        2798 2799 2800 2801 2802 2856 2864 2880 2932
        1901 2948 2949
        798 1168 2950 2951 2952 2954 1306 4158
        1273 1925 #Kenya
        4033 #Sudan
        4034 4035 4036 4037 4038 4039 4040 4041 4042 4043 4044 4045 4046 4047 4048 4049 4050#Upper Zambezi
        #Madagascar
        4020# Comoros
        4021 4022 1792 1193 1194 4023 4024 4025 4026 4027 4028 4029 4030 4031
        4032
        #Central Africa
        4051 4052 4053 4054 4055 4056 4057 4058 4059 4060 4061 4062 4063 4064 4065 4066 4067 4068 4069 4070 4071 4072 4073 4074 4075 4076 4077 4078 4079 4080 4081 4082 4083 4084 4085 4086 4087 4088 4089 4090 4091 4092 4093 4094 4095 4096 4097 4098 4099 4100 4101 4102 4103 4104 4105 4106 4107 4108 4109 1098
        1460 #Cape of Good Hope	 TradeNode
        1463 #congo tradenode
        1331 #gulf of aden
        1448 #Zanzibar
        1466 #Ivory
        1470 #mauretanian
        2024
        1649 #Great Lakes Trade Node
        4167 4168 4169#Atlas Mountains
	}

	# Specific

	# Generic
	names = {
		name = "COLONIAL_REGION_New_Root_GetName"
	}
	names = {
		name = "COLONIAL_EASTERN_AMERICA_Florida"
	}
	names = {
		trigger = {
			owns = 968
		}
		name = "PROV968" # Massachusets
	}
	names = {
		trigger = {
			owns = 2010
		}
		name = "PROV2010" # Connecticut
	}
	names = {
		trigger = {
			owns = 965
		}
		name = "PROV965" # Manhattan
	}
	names = {
		trigger = {
			owns = 957
		}
		name = "PROV957" # Delaware
	}
	names = {
		trigger = {
			owns = 953
		}
		name = "PROV953" # Conoy
	}
	names = {
		trigger = {
			owns = 924
		}
		name = "PROV924" # Alabama
	}
	names = {
		name = "COLONIAL_EASTERN_AMERICA_Virginia"
	}
}


# Australia
colonial_australia = {
	color = { 126 20 20 }

	provinces = {
	    618 619 620 598 599 2394
        #Australia
        1084 1085 1086 1087 1088 1089 1090 1091 1092 1093 1094 1790 1791
        #New Zealand
        1106 1107 1108 1109
        #Islands and places like that
        1235 1236 1237 1238 1239 1240 1241 1242 1243 1244 1245 1246 1789
        1986 1987 1988 1989 1990 1991 1992 1993 1994 1995 1996 1997
        2718 2719 2720 2721 2722 2723 2724
        2726 2727 2728 2729 2730 2731 2732 2733 2734 2735 2736
        2737 2738 2739
        1412 #Australia Tradenode


        #South East Asia III
        647 648 649 650 651 652 653 654 655 656 657 658 659
        621 622 623 624 625 626 627 628 629 630 631 632 633 634 635
        593 594 595 596 597 2676 2677 2678 2679 2680 2681 2682
        2673 2674 2675 2683 2684 2685
        # Additional Provinces in Indochina & Indonesia II
        2686 2687 2688 2689 2390 2391 2392 2393
        2690 2691 2692 2693 2695 2696 2697 2698 2699 2700 2701 2702 2703 2704 2705 2706
        2707 2708 2709 2710 2711 2712 2713 2714 2715 2716 2717 2725

        #South East Asia IV
        636 637 638 639 640 641 642 643 644 645 646
        4348 4349 4350 4351 4352 4353 4354 4355 4356 #More Philippines
	}

	# Specific
	# Generic
    names = {
        name = "Indies"
    }
	names = {
		name = "COLONIAL_REGION_New_Root_GetName"
	}
}

# Used for RNW
colonial_placeholder_1 = {
	color = { 211 108 45 }
}

colonial_placeholder_2 = {
	color = { 152 148 183 }
}

colonial_placeholder_3 = {
	color = { 247 158 146 }
}

colonial_placeholder_4 = {
	color = { 20 107 142 }
}

colonial_placeholder_5 = {
	color = { 228 168 201 }
}

colonial_placeholder_6 = {
	color = { 13 81 174 }
}

colonial_placeholder_7 = {
	color = { 64 54 203 }
}

colonial_placeholder_8 = {
	color = { 171 41 160 }
}

colonial_placeholder_9 = {
	color = { 113 23 68 }
}

colonial_placeholder_10 = {
	color = { 95 125 183 }
}

# Used for RNW, added to support bigger tiles
colonial_placeholder_11 = {
	color = { 50 150 45 }
}

colonial_placeholder_12 = {
	color = { 200 190 20 }
}

colonial_placeholder_13 = {
	color = { 20 220 90 }
}

colonial_placeholder_14 = {
	color = { 100 50 50 }
}

colonial_placeholder_15 = {
	color = { 200 50 50 }
}

colonial_placeholder_16 = {
	color = { 30 30 60 }
}

colonial_placeholder_17 = {
	color = { 90 70 100 }
}

colonial_placeholder_18 = {
	color = { 90 140 30 }
}
