gultamal={
	location=4787
	color={
		150 75 77
	}
	outgoing={
		name="banaz"
		path={
			4734 4762 4749 4750 806 2607
		}
		control={
			4034.000000 1281.000000 4028.000000 1236.000000
		}
	}
	outgoing={
		name="halethin"
		path={
			4732 4753 4746 4747 2860 4786 2865 2845
		}
		control={
			4050.000000 1405.000000 3965.000000 1384.000000 3829.000000 1355.000000
		}
	}
	members={
		4694 4695 4696 4697 4698 4699 4700 4701 4702 4703 4704 4705 4706 4707 4708 4709 4710 4711 4712 4713 4714 4715 4716 4717 4718 4719 4720 4721 4722 4723 4724 4725 4726 4727 4728 4729 4730 4731 4732 4733 4734 4735 4736 4737 4738 4739 4740 4741 4742 4743 4744 4745 4746 4747 4748 4749 4750 4751 4752 4753 4754 4755 4756 4757 4758 4759 4760 4761 4762 4763 4764 4765 4766 4767 4768 4769 4770 4771 4772 4773 4774 4775 4776 4777 4778 4779 4780 4781 4782 4783 4784 4785 4786 4787 4788 4789
	}
}
erg={
	location=2501
	color={
		205 224 71
	}
	inland=yes
	outgoing={
		name="nad"
		path={
			2491 869 2481 2480 920 919
		}
		control={
			4347.000000 384.000000
		}
	}
	outgoing={
		name="tagop"
		path={
			2491 907 2484 2595 978
		}
		control={
			4830.000000 394.000000 4902.000000 481.000000
		}
	}
	members={
		2666 2667 2500 869 870 2605 2477 2610 972 2484 876 891 2482 903 1009 907 2502 2491 2501 873 860 873 778 779 2848 777 786
	}
}
naiamy={
	location=861
	color={
		105 224 80
	}
	inland=yes
	outgoing={
		name="nad"
		path={
			2617 857 856 2668 2643 2499 2657 2624 897 2672
		}
		control={
			4025.000000 364.000000 4029.000000 335.000000 4100.000000 361.000000 4112.000000 340.000000 4101.000000 321.000000
		}
	}
	members={
		2621 2617 861 854 2614 857 2619 856 2615 2499 2643 2668 883 2657 2624 888 2665 858 2509 894 2669 902 2515 2516 895 2014 899 2529 921 893
	}
}
nad={
	location=865
	color={
		57 128 240
	}
	outgoing={
		name="tagop"
		path={
			1693 1682 1560 1737
		}
		control={
			4233.000000 67.000000 4830.000000 96.000000 4984.000000 424.000000
		}
	}
	outgoing={
		name="malaian_coast"
		path={
			1693 1736 1681
		}
		control={
			3836.000000 217.000000 3723.000000 382.000000
		}
	}
	members={
		2481 905 866 890 865 2672 2021 2480 2479 2478 901 2476 2616 875 877 2528 2530 920 919 2514 918 897 1693 1487 1502 1505 1512 1682
	}
}
soanos={
	location=976
	color={
		122 124 111
	}
	inland=yes
	outgoing={
		name="ruznava"
		path={
			2613 2503 886 2598 2600 978
		}
		control={
			4305.000000 698.000000 4411.000000 729.000000 4493.000000 728.000000
		}
	}
	outgoing={
		name="muldiel"
		path={
			2613 975 925 2537 2538
		}
		control={
			4201.000000 767.000000 4124.000000 788.000000
		}
	}
	members={
		1008 2609 975 977 976 2613 974 2542 925 2537 2868 772 2503 2850 2881
	}
}
lunar_mesa={
	location=2493
	color={
		222 124 211
	}
	inland=yes
	outgoing={
		name="ruznava"
		path={
			2506 886 2598 2600 978
		}
		control={
			4260.000000 831.000000 4420.000000 746.000000
		}
	}
	outgoing={
		name="muldiel"
		path={
			2520 2532 2531 924 923 2644
		}
		control={
			4156.020020 873.010010 4107.000000 807.000000
		}
	}
	outgoing={
		name="zenuta"
		path={
			2564 2545 926 950
		}
		control={
			4132.000000 986.000000
		}
	}
	outgoing={
		name="gediz"
		path={
			849 835 840 836 2640 841
		}
		control={
			4293.000000 1077.000000 4400.000000 1138.000000
		}
	}
	members={
		2493 2007 909 2520 939 922 2531 2532 2546 2545 2544 912 811 837 2944 2831 2840 2835 2941 799 2940 2508 2834 498
	}
}
north_bank={
	location=1010
	color={
		22 65 135
	}
	inland=yes
	outgoing={
		name="ruznava"
		path={
			2598 2600 978
		}
		control={
			4607.000000 717.000000
		}
	}
	members={
		2625 2594 1005 2009 2511 880 2496 2016 1011 1010 862 859 1813 2930 742 2882
	}
}
tagop={
	location=2611
	color={
		245 24 71
	}
	members={
		892 2485 2815 2612 978 2611 2006 2490 898 2597 874 2851 2595 2600 2596 2811 2804 1737 1560
	}
	end=yes
}
ortrea={
	location=2022
	color={
		45 24 171
	}
	outgoing={
		name="tagop"
		path={
			2598 2600 978
		}
		control={
			4512.000000 609.000000 4642.000000 587.000000 4731.000000 590.000000
		}
	}
	members={
		2933 2883 2889 2599 2017 2601 2931 2022 743 979 1095 781 2853 780 2858 885 2497 2618 2902 2498 864
	}
}
ruznava={
	location=2005
	color={
		145 224 171
	}
	outgoing={
		name="tagop"
		path={
			2598 2600 978
		}
		control={
			4642.609863 596.489990
		}
	}
	members={
		2803 2598 2838 2005 2510 822 886 2816 2008 744 1809 2934 2937 2505 2506 2507 776 882 2854 881 795 2946 775 2504 2904 1006 906
	}
}
muldiel={
	location=930
	color={
		55 224 111
	}
	outgoing={
		name="malaian_coast"
		path={
			1693 1736 1681
		}
		control={
			3964.000000 656.000000 3935.409912 519.190002 3752.000000 548.000000
		}
	}
	members={
		928 2648 853 2623 2626 930 2538 851 2642 924 923 2644 2641 934 852 2533 2527 908 2512 1736
	}
}
zenuta={
	location=950
	color={
		222 121 99
	}
	outgoing={
		name="laville"
		path={
			952 2553 964 961
		}
		control={
			3984.000000 917.000000 3896.000000 867.000000 3850.000000 853.000000
		}
	}
	members={
		949 2555 964 2553 2552 2011 952 2536 950 2536 2535 926 947 954 948 2551 2556 937
	}
}
komu={
	location=967
	color={
		12 37 152
	}
	outgoing={
		name="laville"
		path={
			970 2560 965 2558 993
		}
		control={
			3845.000000 1000.000000 3806.000000 945.000000 3813.000000 902.000000 3820.000000 875.000000
		}
	}
	members={
		2586 2534 987 2670 2559 969 2584 2564 2563 963 968 966 2561 2560 2013 1805 2571 2569 2010 970 967 2562 2565 2566 971 2572
	}
}
direv={
	location=2589
	color={
		247 37 12
	}
	outgoing={
		name="malaian_coast"
		path={
			1000 2574 1715 1686 1681
		}
		control={
			3508.000000 938.000000 3437.000000 900.000000 3485.000000 735.000000 3695.000000 635.000000
		}
	}
	members={
		999 1000 2589 2567 984 985 2568
	}
}
laville={
	location=960
	color={
		42 98 225
	}
	outgoing={
		name="malaian_coast"
		path={
			2575 957 955 2547
		}
		control={
			3752.000000 769.000000 3741.000000 688.000000 3758.000000 652.000000
		}
	}
	members={
		994 2582 2583 995 2579 990 2012 2577 2575 2576 2580 993 986 965 2558 2639 953 2550 958 961 959 2549 938 2557 957 2023 960 2554
	}
}
halethin_bay={
	location=2570
	color={
		150 150 200
	}
	outgoing={
		name="malaian_coast"
		path={
			1669 1715 1686 1681
		}
		control={
			240.000000 957.000000 325.000000 770.000000 546.000000 617.000000
		}
	}
	members={
		2570 1699 1499 2843 2846 2836 2844 790 787 4836 4831
	}
}
malaian_coast={
	location=2627
	color={
		155 71 25
	}
	members={
		850 2645 904 2627 2547 955 956 1007 2591 1002 1003 1004 2574 998 2593 2015 2590 1681 1488 1489 1686 1511
	}
	end=yes
}
kireniz={
	location=842
	color={
		150 200 150
	}
	outgoing={
		name="daren_bay"
		path={
			940 819
		}
		control={
			4585.000000 1157.000000 4589.000000 1241.000000
		}
	}
	members={
		2945 2823 812 2518 2825 942 2517 2540 2818 940 2807 2824 820 818 2821 815 910 2827 814 2647 911 2518 2826 2660 2808 2805 848 2632 831 2939 2809 816 834 825 2019 2813 832 2661 838 842
	}
}
alakam={
	location=2662
	color={
		150 50 50
	}
	outgoing={
		name="daren_bay"
		path={
			741 802 2003 808 2519 2637
		}
		control={
			4390.000000 1282.000000 4476.000000 1310.000000
		}
	}
	outgoing={
		name="gediz"
		path={
			2812 2633 841
		}
		control={
			4376.000000 1191.000000
		}
	}
	members={
		2947 804 2820 2812 2523 803 2900 800 847 808 2513 2833 802 741 2810 2630 2629 807 839 2003 2662
	}
}
banaz={
	location=2817
	color={
		150 250 150
	}
	outgoing={
		name="gediz"
		path={
			823 2653 2635 2636 2638 841
		}
		control={
			4165.000000 1145.000000 4276.000000 1174.000000 4368.000000 1168.000000
		}
	}
	members={
		2638 796 2524 2942 797 2901 2806 913 810 914 2646 806 809 2832 829 2635 828 2636 827 824 2653 830 823 917 2607 2628 849 2817
	}
}
gediz={
	location=844
	color={
		0 50 200
	}
	outgoing={
		name="daren_bay"
		path={
			843 2649
		}
		control={
			4521.000000 1240.000000
		}
	}
	members={
		793 801 2634 841 2633 846 805 845 843 2651 817 821 2814 2822 813 941 835 2487 2664 826 2652 2640 836 2663 840 2819 844
	}
}
daren_bay={
	location=1725
	color={
		50 150 0
	}
	members={
		1506 1573 5053 5021 5039 5041 2631 2519 2637 2829 2828 2830 2649 819 2650 915 945 2521 2943 1725 1508 1725 1557 1507 1556 1683
	}
	end=yes
}
halethin={
	location=2862
	color={
		0 250 200
	}
	outgoing={
		name="halethin_bay"
		path={
			791 787 2836 790
		}
		control={
			3460.000000 1137.000000 3365.000000 1133.000000
		}
	}
	members={
		2869 2863 782 791 2870 2849 2873 2842 2866 2877 2860 784 2862 2876 2875 2872 2871 785 2847 2845 2861 484 2865 485 783 2486 4849 4830
	}
}
iela={
	location=482
	color={
		50 75 25
	}
	members={
		482 1513 486 483 487 488 500 502 489 501 2655 497 496 2656 996 1069 2659 2658 997 490 980
	}
	end=yes
}
paria={
	location=495
	color={
		150 175 225
	}
	outgoing={
		name="iela"
		path={
			1503 1513
		}
		control={
			4729.000000 887.000000 4626.000000 912.000000
		}
	}
	outgoing={
		name="tagop"
		path={
			1697 1737
		}
		control={
			4885.000000 827.000000 4876.000000 605.000000
		}
	}
	members={
		1697 1729 1503 495 2573 2436 2438 863 981 1073 2654 2445 1080 494 1881 481 499 493 492
	}
}
wilderness={
	location=4845
	color={
		25 205 137
	}
	outgoing={
		name="halethin_bay"
		control={
			3310.000000 1295.000000 3291.000000 1162.000000
		}
	}
	members={
		4847 4841 4844 4833 4837 4842 4845 4846 4839 4826 4814 4796
	}
}
yondo_iocion={
	location=4797
	color={
		225 105 37
	}
	members={
		4791 4816 4790 4794 4820 4812 4795 4817 4829 4804 4797 4819 4798 4801 4818 4800 4821 1677 1678
	}
	end=yes
}
northern_passage={
	location=4897
	color={
		25 105 237
	}
	outgoing={
		name="yondo_iocion"
		control={
			100.000000 100.000000 150.000000 150.000000
		}
	}
	members={
		4899 4900 4901 4897 4896 4889 4888 4887 4873 4883 4874 4881 4886 4871 4866 4869 1735 1714 1690
	}
}
sinkal_bay={
	location=4912
	color={
		225 205 137
	}
	outgoing={
		name="northern_passage"
		control={
			4526.000000 1834.000000 4331.000000 2013.000000
		}
	}
	members={
		4902 4903 4904 4905 4906 4907 4908 4909 4910 4911 4912 4928 4926 4925 4916 4927 4917 4930 4931 4921 4939 4932 4913 1726 1723
	}
}
wooka={
	location=4914
	color={
		225 5 137
	}
	outgoing={
		name="sinkal_bay"
		control={
			4701.000000 1865.000000 4578.000000 1768.000000
		}
	}
	members={
		4914 4915 4937 4922 4938 4936 4933 4935 4934 4918 4920 4919 4933 4935 4942 4923 4940 4924 4941 1722
	}
}
transsinkal_straits={
	location=5024
	color={
		14 44 244
	}
	outgoing={
		name="wooka"
		control={
			5150.000000 1828.000000 4971.000000 1942.000000 4755.000000 1881.000000
		}
	}
	outgoing={
		name="daren_bay"
		control={
			5162.000000 1737.000000 5065.000000 1536.000000 4871.509766 1378.349976 4588.000000 1361.000000
		}
	}
	members={
		5050 5051 5037 5052 5029 5027 5031 5033 5035 5024 5028 5020 5043 5022 2004 5054 5026 1104 1105 1483 1482 1493 1496 1495 1494 1569 1565 5019
	}
}
raaga={
	location=5030
	color={
		214 244 44
	}
	outgoing={
		name="transsinkal_straits"
		control={
			5022.000000 1873.000000 5104.000000 1844.000000 5130.000000 1785.000000
		}
	}
	members={
		5042 5030 5044 5040 5048 5047 5038 5034 5046 5036 5032 5049
	}
}
manaia={
	location=792
	color={
		214 144 44
	}
	outgoing={
		name="halethin"
		control={
			3617.000000 1268.000000
		}
	}
	members={
		792 2841 2874 4848 5055 4840 4851 4835 4825 4828 4808 4825 4803
	}
}
vamate={
	location=5056
	color={
		14 144 44
	}
	outgoing={
		name="yondo_iocion"
		control={
			3276.550049 1583.250000 3362.000000 1632.000000
		}
	}
	outgoing={
		name="wilderness"
		control={
			3221.000000 1519.000000
		}
	}
	members={
		5056 4807 4815 4793 4792 4805 4811
	}
}
carnivorea={
	location=4864
	color={
		14 44 144
	}
	outgoing={
		name="northern_passage"
		control={
			3838.000000 1738.000000 3843.000000 1848.000000
		}
	}
	outgoing={
		name="manaia"
		control={
			3575.000000 1575.000000
		}
	}
	members={
		4864 4857 4894 4892 4891 4893 4894 4898 4895
	}
}
lower_carnivore={
	location=5014
	color={
		192 61 222
	}
	outgoing={
		name="northern_passage"
		control={
			4298.000000 1811.000000 4290.000000 1911.000000 4216.000000 1978.000000
		}
	}
	members={
		5014 5008 5007 5009 4973 4987 4973 5011 5010 4975 5013 4979 5012 5001 4988 5016 4963 4962 4985 4995 4960 4994 4972 4993 4967 4986 4965 4966 4974
	}
}
upper_carnivore={
	location=4982
	color={
		92 111 222
	}
	outgoing={
		name="lower_carnivore"
		control={
			4102.000000 1696.000000 4184.000000 1689.000000
		}
	}
	outgoing={
		name="carnivorea"
		control={
			3913.000000 1722.000000 3839.000000 1716.000000
		}
	}
	members={
		5017 4996 4961 5000 4946 4943 4968 4999 4969 4980 4955 5015 4976 5006 5005 4977 4949 4950 5003 4978 4982 4958 4997 4998 5004 5002 4984 4989 4990 4944 4991 4945 5018 4992 4964 4947 4983 4971 4959 4948 4970 4951 4956 4952 4981 4954 4957 4953
	}
}
nale={
	location=4865
	color={
		192 222 222
	}
	outgoing={
		name="northern_passage"
		control={
			3820.000000 1843.000000 3852.000000 1879.000000 3857.000000 1907.000000
		}
	}
	members={
		4880 4885 4876 4878 4877 4882 4879 4875 4884 4870 4868 4867 4872 4890 4865
	}
}
pokko={
	location=4834
	color={
		80 11 190
	}
	outgoing={
		name="manaia"
		control={
			3569.000000 1553.000000 3642.000000 1564.000000
		}
	}
	outgoing={
		name="yondo_iocion"
		control={
			3569.000000 1553.000000 3642.000000 1564.000000
		}
	}
	members={
		4834 4832 4850 4850 4838 4843 4823 4799 4813 4809 4802 4810
	}
}
